"date.time","direction","entry","target_or_stop","exit_date","exit","ticks","cumulative_profit","winLose","cum.winLose"
2015-08-17 11:00:00,"short",1.08396,"target","2015-08-17T17:00:00",1.08213,36,36,1,1
2015-08-18 10:00:00,"short",1.08219,"target","2015-08-18T11:00:00",1.08112,21,57,1,2
2015-08-20 11:00:00,"short",1.07283,"stopped","2015-08-20T12:00:00",1.07449,-33,24,-1,1
2015-08-21 06:00:00,"long",1.07875,"target","2015-08-21T08:00:00",1.07981,21,45,1,2
2015-08-21 18:00:00,"long",1.07752,"target","2015-08-24T04:00:00",1.0805,60,105,1,3
2015-08-26 17:00:00,"short",1.07897,"stopped","2015-08-26T21:00:00",1.08169,-55,50,-1,2
2015-08-27 12:00:00,"short",1.07687,"stopped","2015-08-27T14:00:00",1.07824,-27,23,-1,1
2015-09-01 23:00:00,"long",1.08485,"target","2015-09-02T00:00:00",1.08609,25,48,1,2
2015-09-03 12:00:00,"long",1.08861,"stopped","2015-09-03T15:00:00",1.08705,-31,17,-1,1
2015-09-03 15:00:00,"long",1.08442,"target","2015-09-08T10:00:00",1.09041,120,137,1,2
2015-09-16 12:00:00,"short",1.09472,"target","2015-09-16T14:00:00",1.09401,14,151,1,3
2015-09-16 21:00:00,"short",1.0952,"stopped","2015-09-16T23:00:00",1.0963,-22,129,-1,2
2015-09-17 20:00:00,"long",1.09827,"stopped","2015-09-17T21:00:00",1.0971,-23,106,-1,1
2015-09-21 13:00:00,"short",1.09081,"stopped","2015-09-21T16:00:00",1.09217,-27,79,-1,0
2015-09-24 20:00:00,"long",1.09528,"target","2015-09-24T22:00:00",1.09631,21,100,1,1
2015-09-24 22:00:00,"long",1.09532,"stopped","2015-09-25T00:00:00",1.09401,-26,74,-1,0
2015-09-25 18:00:00,"short",1.09237,"stopped","2015-09-25T19:00:00",1.09402,-33,41,-1,-1
2015-09-30 17:00:00,"short",1.09077,"target","2015-09-30T20:00:00",1.08941,27,68,1,0
2015-10-01 04:00:00,"short",1.08869,"stopped","2015-10-01T10:00:00",1.08987,-24,44,-1,-1
2015-10-05 17:00:00,"long",1.09291,"stopped","2015-10-05T18:00:00",1.09163,-25,19,-1,-2
2015-10-07 21:00:00,"long",1.09389,"stopped","2015-10-08T10:00:00",1.09315,-15,4,-1,-3
2015-10-09 10:00:00,"short",1.09105,"stopped","2015-10-12T10:00:00",1.09415,-62,-58,-1,-4
2015-10-12 16:00:00,"long",1.09244,"stopped","2015-10-12T17:00:00",1.09157,-17,-75,-1,-5
2015-10-21 00:00:00,"long",1.08507,"target","2015-10-21T02:00:00",1.0855,9,-66,1,-4
2015-10-22 13:00:00,"long",1.08858,"stopped","2015-10-22T15:00:00",1.0873,-25,-91,-1,-5
2015-10-22 15:00:00,"long",1.08582,"stopped","2015-10-22T18:00:00",1.08212,-74,-165,-1,-6
2015-11-03 22:00:00,"short",1.08592,"stopped","2015-11-03T23:00:00",1.08646,-11,-176,-1,-7
2015-11-12 03:00:00,"long",1.08022,"stopped","2015-11-12T04:00:00",1.07975,-10,-186,-1,-8
2015-11-17 16:00:00,"long",1.08114,"stopped","2015-11-17T18:00:00",1.08033,-16,-202,-1,-9
2015-11-24 20:00:00,"short",1.08174,"stopped","2015-11-25T00:00:00",1.08236,-13,-215,-1,-10
2015-11-25 23:00:00,"long",1.08506,"target","2015-11-26T02:00:00",1.08591,17,-198,1,-9
2015-11-26 11:00:00,"long",1.08517,"stopped","2015-11-26T12:00:00",1.08419,-20,-218,-1,-10
2015-11-30 18:00:00,"short",1.08594,"target","2015-11-30T20:00:00",1.08465,26,-192,1,-9
2015-12-07 11:00:00,"short",1.08375,"target","2015-12-07T13:00:00",1.08295,16,-176,1,-8
2015-12-08 15:00:00,"short",1.08227,"target","2015-12-08T17:00:00",1.08071,31,-145,1,-7
2015-12-10 10:00:00,"short",1.08329,"target","2015-12-10T14:00:00",1.08013,63,-82,1,-6
2015-12-14 01:00:00,"short",1.08077,"target","2015-12-14T09:00:00",1.07941,27,-55,1,-5
2015-12-22 10:00:00,"long",1.08344,"stopped","2015-12-22T15:00:00",1.08229,-23,-78,-1,-6
2015-12-22 17:00:00,"long",1.08376,"stopped","2015-12-22T18:00:00",1.08331,-9,-87,-1,-7
2015-12-23 08:00:00,"short",1.08172,"target","2015-12-23T09:00:00",1.08125,10,-77,1,-6
2015-12-24 14:00:00,"short",1.08053,"stopped","2015-12-24T16:00:00",1.08111,-12,-89,-1,-7
2015-12-28 08:00:00,"long",1.08188,"target","2015-12-28T09:00:00",1.08276,18,-71,1,-6
2015-12-29 16:00:00,"long",1.08397,"stopped","2015-12-30T12:00:00",1.08244,-31,-102,-1,-7
2016-01-05 07:00:00,"short",1.08432,"stopped","2016-01-05T09:00:00",1.08515,-17,-119,-1,-8
2016-01-06 13:00:00,"short",1.0843,"stopped","2016-01-06T17:00:00",1.08561,-26,-145,-1,-9
2016-01-07 15:00:00,"long",1.08697,"stopped","2016-01-07T16:00:00",1.08633,-13,-158,-1,-10
2016-01-08 12:00:00,"long",1.08704,"stopped","2016-01-08T14:00:00",1.08571,-27,-185,-1,-11
2016-01-15 00:00:00,"short",1.09193,"target","2016-01-15T01:00:00",1.09138,11,-174,1,-10
2016-01-19 08:00:00,"long",1.09561,"stopped","2016-01-19T09:00:00",1.09481,-16,-190,-1,-11
2016-01-20 10:00:00,"long",1.09592,"stopped","2016-01-20T11:00:00",1.09407,-37,-227,-1,-12
2016-01-29 05:00:00,"long",1.10831,"target","2016-01-29T13:00:00",1.11357,105,-122,1,-11
2016-02-02 03:00:00,"long",1.11145,"stopped","2016-02-02T04:00:00",1.11109,-7,-129,-1,-12
2016-02-02 07:00:00,"long",1.1112,"target","2016-02-02T10:00:00",1.11203,17,-112,1,-11
2016-02-03 14:00:00,"short",1.11094,"stopped","2016-02-03T15:00:00",1.11203,-22,-134,-1,-12
2016-02-03 23:00:00,"long",1.11542,"stopped","2016-02-04T00:00:00",1.11486,-11,-145,-1,-13
2016-02-11 12:00:00,"short",1.09741,"stopped","2016-02-11T13:00:00",1.09992,-50,-195,-1,-14
2016-02-15 16:00:00,"long",1.10112,"target","2016-02-17T11:00:00",1.10329,43,-152,1,-13
2016-02-17 12:00:00,"long",1.10298,"target","2016-02-17T13:00:00",1.10353,11,-141,1,-12
2016-02-25 16:00:00,"long",1.09261,"stopped","2016-02-26T18:00:00",1.09048,-43,-184,-1,-13
2016-02-26 19:00:00,"short",1.09017,"target","2016-02-29T00:00:00",1.08868,30,-154,1,-12
2016-02-29 02:00:00,"short",1.08935,"stopped","2016-02-29T03:00:00",1.09019,-17,-171,-1,-13
2016-02-29 04:00:00,"short",1.09018,"stopped","2016-02-29T09:00:00",1.09176,-32,-203,-1,-14
2016-03-02 17:00:00,"short",1.08338,"stopped","2016-03-03T12:00:00",1.08474,-27,-230,-1,-15
2016-03-16 21:00:00,"long",1.09632,"target","2016-03-16T23:00:00",1.09767,27,-203,1,-14
2016-03-17 12:00:00,"long",1.09817,"stopped","2016-03-17T13:00:00",1.09684,-27,-230,-1,-15
2016-03-22 18:00:00,"short",1.09006,"stopped","2016-03-22T19:00:00",1.09104,-20,-250,-1,-16
2016-03-23 18:00:00,"short",1.09031,"stopped","2016-03-30T22:00:00",1.09328,-60,-310,-1,-17
2016-04-13 04:00:00,"short",1.08755,"stopped","2016-04-13T08:00:00",1.08808,-11,-321,-1,-18
2016-04-13 16:00:00,"long",1.0889,"target","2016-04-13T19:00:00",1.08975,17,-304,1,-17
2016-04-20 06:00:00,"long",1.09255,"stopped","2016-04-20T09:00:00",1.09223,-6,-310,-1,-18
2016-05-05 11:00:00,"long",1.09992,"target","2016-05-05T12:00:00",1.10059,13,-297,1,-17
2016-05-11 17:00:00,"long",1.10994,"target","2016-05-11T19:00:00",1.11062,14,-283,1,-16
2016-05-13 23:00:00,"short",1.10323,"target","2016-05-16T01:00:00",1.10221,20,-263,1,-15
2016-05-16 12:00:00,"long",1.10466,"target","2016-05-16T13:00:00",1.10541,15,-248,1,-14
2016-05-18 14:00:00,"long",1.10867,"stopped","2016-05-18T15:00:00",1.10771,-19,-267,-1,-15
2016-05-31 14:00:00,"short",1.10441,"stopped","2016-05-31T16:00:00",1.10482,-8,-275,-1,-16
2016-05-31 18:00:00,"long",1.10616,"stopped","2016-06-01T08:00:00",1.10498,-24,-299,-1,-17
2016-06-03 15:00:00,"short",1.10706,"target","2016-06-06T19:00:00",1.10323,77,-222,1,-16
2016-06-08 00:00:00,"short",1.0965,"stopped","2016-06-08T05:00:00",1.09698,-10,-232,-1,-17
2016-06-09 09:00:00,"short",1.09283,"target","2016-06-09T10:00:00",1.09242,8,-224,1,-16
2016-06-13 18:00:00,"long",1.09015,"stopped","2016-06-14T00:00:00",1.0881,-41,-265,-1,-17
2016-06-24 04:00:00,"short",1.08568,"target","2016-06-24T05:00:00",1.07894,135,-130,1,-16
2016-06-29 10:00:00,"long",1.08578,"stopped","2016-06-29T11:00:00",1.08415,-32,-162,-1,-17
2016-06-29 14:00:00,"long",1.08626,"target","2016-06-29T15:00:00",1.08777,30,-132,1,-16
2016-07-04 00:00:00,"long",1.08388,"stopped","2016-07-04T17:00:00",1.08198,-38,-170,-1,-17
2016-07-04 18:00:00,"short",1.08246,"stopped","2016-07-04T21:00:00",1.08323,-15,-185,-1,-18
2016-07-05 18:00:00,"short",1.08226,"target","2016-07-06T03:00:00",1.08066,32,-153,1,-17
2016-07-06 17:00:00,"short",1.08234,"stopped","2016-07-08T15:00:00",1.08507,-55,-208,-1,-18
2016-07-11 17:00:00,"long",1.08591,"target","2016-07-12T03:00:00",1.08755,33,-175,1,-17
2016-07-19 18:00:00,"short",1.08495,"stopped","2016-07-19T23:00:00",1.08619,-25,-200,-1,-18
2016-07-22 06:00:00,"short",1.08612,"stopped","2016-07-22T08:00:00",1.08647,-7,-207,-1,-19
2016-07-27 06:00:00,"long",1.09045,"target","2016-07-27T09:00:00",1.0911,13,-194,1,-18
2016-07-28 00:00:00,"short",1.09036,"stopped","2016-07-28T05:00:00",1.0914,-21,-215,-1,-19
2015-08-17 11:00:00,"short",1.08396,"target","2015-08-17T17:00:00",1.08213,36,-179,1,-18
2015-08-18 10:00:00,"short",1.08219,"target","2015-08-18T11:00:00",1.08112,21,-158,1,-17
2015-08-20 11:00:00,"short",1.07283,"stopped","2015-08-20T12:00:00",1.07449,-33,-191,-1,-18
2015-08-21 06:00:00,"long",1.07875,"target","2015-08-21T08:00:00",1.07981,21,-170,1,-17
2015-08-21 18:00:00,"long",1.07752,"target","2015-08-24T04:00:00",1.0805,60,-110,1,-16
2015-08-26 17:00:00,"short",1.07897,"stopped","2015-08-26T21:00:00",1.08169,-55,-165,-1,-17
2015-08-27 12:00:00,"short",1.07687,"stopped","2015-08-27T14:00:00",1.07824,-27,-192,-1,-18
2015-09-01 23:00:00,"long",1.08485,"target","2015-09-02T00:00:00",1.08609,25,-167,1,-17
2015-09-03 12:00:00,"long",1.08861,"stopped","2015-09-03T15:00:00",1.08705,-31,-198,-1,-18
2015-09-03 15:00:00,"long",1.08442,"target","2015-09-08T10:00:00",1.09041,120,-78,1,-17
2015-09-16 12:00:00,"short",1.09472,"target","2015-09-16T14:00:00",1.09401,14,-64,1,-16
2015-09-16 21:00:00,"short",1.0952,"stopped","2015-09-16T23:00:00",1.0963,-22,-86,-1,-17
2015-09-17 20:00:00,"long",1.09827,"stopped","2015-09-17T21:00:00",1.0971,-23,-109,-1,-18
2015-09-21 13:00:00,"short",1.09081,"stopped","2015-09-21T16:00:00",1.09217,-27,-136,-1,-19
2015-09-24 20:00:00,"long",1.09528,"target","2015-09-24T22:00:00",1.09631,21,-115,1,-18
2015-09-24 22:00:00,"long",1.09532,"stopped","2015-09-25T00:00:00",1.09401,-26,-141,-1,-19
2015-09-25 18:00:00,"short",1.09237,"stopped","2015-09-25T19:00:00",1.09402,-33,-174,-1,-20
2015-09-30 17:00:00,"short",1.09077,"target","2015-09-30T20:00:00",1.08941,27,-147,1,-19
2015-10-01 04:00:00,"short",1.08869,"stopped","2015-10-01T10:00:00",1.08987,-24,-171,-1,-20
2015-10-05 17:00:00,"long",1.09291,"stopped","2015-10-05T18:00:00",1.09163,-25,-196,-1,-21
2015-10-07 21:00:00,"long",1.09389,"stopped","2015-10-08T10:00:00",1.09315,-15,-211,-1,-22
2015-10-09 10:00:00,"short",1.09105,"stopped","2015-10-12T10:00:00",1.09415,-62,-273,-1,-23
2015-10-12 16:00:00,"long",1.09244,"stopped","2015-10-12T17:00:00",1.09157,-17,-290,-1,-24
2015-10-21 00:00:00,"long",1.08507,"target","2015-10-21T02:00:00",1.0855,9,-281,1,-23
2015-10-22 13:00:00,"long",1.08858,"stopped","2015-10-22T15:00:00",1.0873,-25,-306,-1,-24
2015-10-22 15:00:00,"long",1.08582,"stopped","2015-10-22T18:00:00",1.08212,-74,-380,-1,-25
2015-11-03 22:00:00,"short",1.08592,"stopped","2015-11-03T23:00:00",1.08646,-11,-391,-1,-26
2015-11-12 03:00:00,"long",1.08022,"stopped","2015-11-12T04:00:00",1.07975,-10,-401,-1,-27
2015-11-17 16:00:00,"long",1.08114,"stopped","2015-11-17T18:00:00",1.08033,-16,-417,-1,-28
2015-11-24 20:00:00,"short",1.08174,"stopped","2015-11-25T00:00:00",1.08236,-13,-430,-1,-29
2015-11-25 23:00:00,"long",1.08506,"target","2015-11-26T02:00:00",1.08591,17,-413,1,-28
2015-11-26 11:00:00,"long",1.08517,"stopped","2015-11-26T12:00:00",1.08419,-20,-433,-1,-29
2015-11-30 18:00:00,"short",1.08594,"target","2015-11-30T20:00:00",1.08465,26,-407,1,-28
2015-12-07 11:00:00,"short",1.08375,"target","2015-12-07T13:00:00",1.08295,16,-391,1,-27
2015-12-08 15:00:00,"short",1.08227,"target","2015-12-08T17:00:00",1.08071,31,-360,1,-26
2015-12-10 10:00:00,"short",1.08329,"target","2015-12-10T14:00:00",1.08013,63,-297,1,-25
2015-12-14 01:00:00,"short",1.08077,"target","2015-12-14T09:00:00",1.07941,27,-270,1,-24
2015-12-22 10:00:00,"long",1.08344,"stopped","2015-12-22T15:00:00",1.08229,-23,-293,-1,-25
2015-12-22 17:00:00,"long",1.08376,"stopped","2015-12-22T18:00:00",1.08331,-9,-302,-1,-26
2015-12-23 08:00:00,"short",1.08172,"target","2015-12-23T09:00:00",1.08125,10,-292,1,-25
2015-12-24 14:00:00,"short",1.08053,"stopped","2015-12-24T16:00:00",1.08111,-12,-304,-1,-26
2015-12-28 08:00:00,"long",1.08188,"target","2015-12-28T09:00:00",1.08276,18,-286,1,-25
2015-12-29 16:00:00,"long",1.08397,"stopped","2015-12-30T12:00:00",1.08244,-31,-317,-1,-26
2016-01-05 07:00:00,"short",1.08432,"stopped","2016-01-05T09:00:00",1.08515,-17,-334,-1,-27
2016-01-06 13:00:00,"short",1.0843,"stopped","2016-01-06T17:00:00",1.08561,-26,-360,-1,-28
2016-01-07 15:00:00,"long",1.08697,"stopped","2016-01-07T16:00:00",1.08633,-13,-373,-1,-29
2016-01-08 12:00:00,"long",1.08704,"stopped","2016-01-08T14:00:00",1.08571,-27,-400,-1,-30
2016-01-15 00:00:00,"short",1.09193,"target","2016-01-15T01:00:00",1.09138,11,-389,1,-29
2016-01-19 08:00:00,"long",1.09561,"stopped","2016-01-19T09:00:00",1.09481,-16,-405,-1,-30
2016-01-20 10:00:00,"long",1.09592,"stopped","2016-01-20T11:00:00",1.09407,-37,-442,-1,-31
2016-01-29 05:00:00,"long",1.10831,"target","2016-01-29T13:00:00",1.11357,105,-337,1,-30
2016-02-02 03:00:00,"long",1.11145,"stopped","2016-02-02T04:00:00",1.11109,-7,-344,-1,-31
2016-02-02 07:00:00,"long",1.1112,"target","2016-02-02T10:00:00",1.11203,17,-327,1,-30
2016-02-03 14:00:00,"short",1.11094,"stopped","2016-02-03T15:00:00",1.11203,-22,-349,-1,-31
2016-02-03 23:00:00,"long",1.11542,"stopped","2016-02-04T00:00:00",1.11486,-11,-360,-1,-32
2016-02-11 12:00:00,"short",1.09741,"stopped","2016-02-11T13:00:00",1.09992,-50,-410,-1,-33
2016-02-15 16:00:00,"long",1.10112,"target","2016-02-17T11:00:00",1.10329,43,-367,1,-32
2016-02-17 12:00:00,"long",1.10298,"target","2016-02-17T13:00:00",1.10353,11,-356,1,-31
2016-02-25 16:00:00,"long",1.09261,"stopped","2016-02-26T18:00:00",1.09048,-43,-399,-1,-32
2016-02-26 19:00:00,"short",1.09017,"target","2016-02-29T00:00:00",1.08868,30,-369,1,-31
2016-02-29 02:00:00,"short",1.08935,"stopped","2016-02-29T03:00:00",1.09019,-17,-386,-1,-32
2016-02-29 04:00:00,"short",1.09018,"stopped","2016-02-29T09:00:00",1.09176,-32,-418,-1,-33
2016-03-02 17:00:00,"short",1.08338,"stopped","2016-03-03T12:00:00",1.08474,-27,-445,-1,-34
2016-03-16 21:00:00,"long",1.09632,"target","2016-03-16T23:00:00",1.09767,27,-418,1,-33
2016-03-17 12:00:00,"long",1.09817,"stopped","2016-03-17T13:00:00",1.09684,-27,-445,-1,-34
2016-03-22 18:00:00,"short",1.09006,"stopped","2016-03-22T19:00:00",1.09104,-20,-465,-1,-35
2016-03-23 18:00:00,"short",1.09031,"stopped","2016-03-30T22:00:00",1.09328,-60,-525,-1,-36
2016-04-13 04:00:00,"short",1.08755,"stopped","2016-04-13T08:00:00",1.08808,-11,-536,-1,-37
2016-04-13 16:00:00,"long",1.0889,"target","2016-04-13T19:00:00",1.08975,17,-519,1,-36
2016-04-20 06:00:00,"long",1.09255,"stopped","2016-04-20T09:00:00",1.09223,-6,-525,-1,-37
2016-05-05 11:00:00,"long",1.09992,"target","2016-05-05T12:00:00",1.10059,13,-512,1,-36
2016-05-11 17:00:00,"long",1.10994,"target","2016-05-11T19:00:00",1.11062,14,-498,1,-35
2016-05-13 23:00:00,"short",1.10323,"target","2016-05-16T01:00:00",1.10221,20,-478,1,-34
2016-05-16 12:00:00,"long",1.10466,"target","2016-05-16T13:00:00",1.10541,15,-463,1,-33
2016-05-18 14:00:00,"long",1.10867,"stopped","2016-05-18T15:00:00",1.10771,-19,-482,-1,-34
2016-05-31 14:00:00,"short",1.10441,"stopped","2016-05-31T16:00:00",1.10482,-8,-490,-1,-35
2016-05-31 18:00:00,"long",1.10616,"stopped","2016-06-01T08:00:00",1.10498,-24,-514,-1,-36
2016-06-03 15:00:00,"short",1.10706,"target","2016-06-06T19:00:00",1.10323,77,-437,1,-35
2016-06-08 00:00:00,"short",1.0965,"stopped","2016-06-08T05:00:00",1.09698,-10,-447,-1,-36
2016-06-09 09:00:00,"short",1.09283,"target","2016-06-09T10:00:00",1.09242,8,-439,1,-35
2016-06-13 18:00:00,"long",1.09015,"stopped","2016-06-14T00:00:00",1.0881,-41,-480,-1,-36
2016-06-24 04:00:00,"short",1.08568,"target","2016-06-24T05:00:00",1.07894,135,-345,1,-35
2016-06-29 10:00:00,"long",1.08578,"stopped","2016-06-29T11:00:00",1.08415,-32,-377,-1,-36
2016-06-29 14:00:00,"long",1.08626,"target","2016-06-29T15:00:00",1.08777,30,-347,1,-35
2016-07-04 00:00:00,"long",1.08388,"stopped","2016-07-04T17:00:00",1.08198,-38,-385,-1,-36
2016-07-04 18:00:00,"short",1.08246,"stopped","2016-07-04T21:00:00",1.08323,-15,-400,-1,-37
2016-07-05 18:00:00,"short",1.08226,"target","2016-07-06T03:00:00",1.08066,32,-368,1,-36
2016-07-06 17:00:00,"short",1.08234,"stopped","2016-07-08T15:00:00",1.08507,-55,-423,-1,-37
2016-07-11 17:00:00,"long",1.08591,"target","2016-07-12T03:00:00",1.08755,33,-390,1,-36
2016-07-19 18:00:00,"short",1.08495,"stopped","2016-07-19T23:00:00",1.08619,-25,-415,-1,-37
2016-07-22 06:00:00,"short",1.08612,"stopped","2016-07-22T08:00:00",1.08647,-7,-422,-1,-38
2016-07-27 06:00:00,"long",1.09045,"target","2016-07-27T09:00:00",1.0911,13,-409,1,-37
2016-07-28 00:00:00,"short",1.09036,"stopped","2016-07-28T05:00:00",1.0914,-21,-430,-1,-38
