"date.time","direction","entry","target_or_stop","exit_date","exit","ticks","cumulative_profit","winLose","cum.winLose"
2015-08-07 15:00:00,"long",0.7018,"target","2015-08-07T17:00:00",0.70653,95,95,1,1
2015-08-12 09:00:00,"long",0.71112,"target","2015-08-12T10:00:00",0.71222,22,117,1,2
2015-08-14 14:00:00,"long",0.71449,"stopped","2015-08-14T16:00:00",0.7132,-26,91,-1,1
2015-08-17 17:00:00,"short",0.71009,"stopped","2015-08-17T22:00:00",0.71115,-21,70,-1,0
2015-08-28 12:00:00,"long",0.73256,"stopped","2015-08-28T18:00:00",0.72978,-56,14,-1,-1
2015-09-03 06:00:00,"short",0.73373,"stopped","2015-09-03T08:00:00",0.73461,-17,-3,-1,-2
2015-09-09 16:00:00,"short",0.72456,"stopped","2015-09-09T17:00:00",0.72517,-12,-15,-1,-3
2015-09-10 20:00:00,"long",0.72954,"target","2015-09-11T01:00:00",0.73105,30,15,1,-2
2015-09-14 01:00:00,"long",0.7346,"stopped","2015-09-14T10:00:00",0.7336,-20,-5,-1,-3
2015-09-14 10:00:00,"long",0.73316,"stopped","2015-09-16T11:00:00",0.73052,-53,-58,-1,-4
2015-09-22 00:00:00,"short",0.72155,"target","2015-09-22T01:00:00",0.7212,7,-51,1,-3
2015-09-22 03:00:00,"short",0.72164,"target","2015-09-22T08:00:00",0.721,13,-38,1,-2
2015-09-23 10:00:00,"long",0.72508,"target","2015-09-23T13:00:00",0.72852,69,31,1,-1
2015-09-24 11:00:00,"long",0.7338,"target","2015-09-24T12:00:00",0.73483,21,52,1,0
2015-09-24 12:00:00,"long",0.7337,"target","2015-09-24T13:00:00",0.73501,26,78,1,1
2015-09-29 00:00:00,"long",0.7409,"stopped","2015-09-29T01:00:00",0.74061,-6,72,-1,0
2015-09-30 21:00:00,"short",0.73855,"target","2015-10-01T04:00:00",0.73773,17,89,1,1
2015-10-01 11:00:00,"short",0.73685,"stopped","2015-10-01T17:00:00",0.7382,-27,62,-1,0
2015-10-02 15:00:00,"short",0.74128,"target","2015-10-07T10:00:00",0.73495,127,189,1,1
2015-10-23 00:00:00,"short",0.72164,"target","2015-10-23T02:00:00",0.72013,30,219,1,2
2015-10-23 08:00:00,"short",0.72168,"stopped","2015-10-23T10:00:00",0.72235,-13,206,-1,1
2015-10-30 16:00:00,"long",0.71814,"stopped","2015-10-30T17:00:00",0.71644,-34,172,-1,0
2015-11-06 08:00:00,"long",0.71551,"target","2015-11-06T10:00:00",0.71623,14,186,1,1
2015-11-09 18:00:00,"short",0.712,"target","2015-11-10T08:00:00",0.71071,26,212,1,2
2015-11-17 06:00:00,"short",0.70239,"stopped","2015-11-17T07:00:00",0.70285,-9,203,-1,1
2015-11-18 21:00:00,"short",0.6991,"stopped","2015-11-19T01:00:00",0.7001,-20,183,-1,0
2015-11-19 18:00:00,"long",0.70119,"stopped","2015-11-20T09:00:00",0.6998,-28,155,-1,-1
2015-11-24 02:00:00,"long",0.70316,"stopped","2015-11-24T04:00:00",0.70285,-6,149,-1,-2
2015-11-25 21:00:00,"short",0.70171,"stopped","2015-11-26T00:00:00",0.70232,-12,137,-1,-3
2015-11-27 11:00:00,"long",0.70391,"stopped","2015-11-27T13:00:00",0.70315,-15,122,-1,-4
2015-11-27 13:00:00,"long",0.70324,"target","2015-11-27T19:00:00",0.70496,34,156,1,-3
2015-11-30 14:00:00,"long",0.70457,"stopped","2015-11-30T15:00:00",0.70407,-10,146,-1,-4
2015-11-30 21:00:00,"short",0.70211,"target","2015-12-01T02:00:00",0.70134,15,161,1,-3
2015-12-01 03:00:00,"short",0.70148,"stopped","2015-12-01T04:00:00",0.7019,-8,153,-1,-4
2015-12-02 10:00:00,"long",0.70469,"target","2015-12-02T11:00:00",0.70585,23,176,1,-3
2015-12-14 09:00:00,"short",0.72216,"stopped","2015-12-14T13:00:00",0.72375,-32,144,-1,-4
2015-12-17 09:00:00,"short",0.72653,"stopped","2015-12-17T10:00:00",0.72776,-25,119,-1,-5
2015-12-21 13:00:00,"long",0.72934,"target","2015-12-21T15:00:00",0.73033,20,139,1,-4
2015-12-22 12:00:00,"long",0.73438,"stopped","2015-12-22T13:00:00",0.73423,-3,136,-1,-5
2015-12-23 16:00:00,"short",0.73307,"target","2015-12-23T17:00:00",0.73188,24,160,1,-4
2015-12-28 14:00:00,"long",0.73608,"target","2015-12-28T18:00:00",0.73781,35,195,1,-3
2015-12-29 17:00:00,"long",0.73709,"stopped","2015-12-30T18:00:00",0.73513,-39,156,-1,-4
2016-01-14 00:00:00,"long",0.7547,"target","2016-01-14T01:00:00",0.75524,11,167,1,-3
2016-01-19 10:00:00,"short",0.76099,"target","2016-01-19T11:00:00",0.75945,31,198,1,-2
2016-01-20 13:00:00,"long",0.77053,"stopped","2016-01-20T15:00:00",0.76892,-32,166,-1,-3
2016-01-20 15:00:00,"long",0.77007,"stopped","2016-01-20T16:00:00",0.76881,-25,141,-1,-4
2016-01-27 22:00:00,"long",0.76464,"stopped","2016-01-28T09:00:00",0.76275,-38,103,-1,-5
2016-02-10 15:00:00,"short",0.77398,"stopped","2016-02-10T16:00:00",0.7751,-22,81,-1,-6
2016-02-12 15:00:00,"short",0.77646,"stopped","2016-02-12T16:00:00",0.7783,-37,44,-1,-7
2016-02-25 08:00:00,"long",0.79121,"target","2016-02-25T09:00:00",0.79261,28,72,1,-6
2016-02-25 13:00:00,"long",0.79073,"stopped","2016-02-25T14:00:00",0.78897,-35,37,-1,-7
2016-03-08 11:00:00,"long",0.77365,"target","2016-03-08T13:00:00",0.77521,31,68,1,-6
2016-03-08 13:00:00,"long",0.77468,"target","2016-03-08T14:00:00",0.7757,20,88,1,-5
2016-03-14 13:00:00,"short",0.77432,"stopped","2016-03-14T15:00:00",0.7751,-16,72,-1,-6
2016-03-14 15:00:00,"short",0.77576,"stopped","2016-03-15T01:00:00",0.77788,-43,29,-1,-7
2016-03-16 12:00:00,"long",0.78557,"target","2016-03-16T14:00:00",0.78724,33,62,1,-6
2016-03-17 07:00:00,"long",0.78795,"target","2016-03-17T08:00:00",0.78869,15,77,1,-5
2016-03-29 12:00:00,"short",0.78527,"target","2016-03-29T14:00:00",0.78363,33,110,1,-4
2016-03-31 00:00:00,"long",0.78817,"target","2016-03-31T03:00:00",0.78882,13,123,1,-3
2016-03-31 03:00:00,"long",0.78853,"stopped","2016-03-31T04:00:00",0.78827,-5,118,-1,-4
2016-04-21 15:00:00,"short",0.7884,"target","2016-04-22T11:00:00",0.78535,61,179,1,-3
2016-04-25 09:00:00,"short",0.779,"stopped","2016-04-25T10:00:00",0.78056,-31,148,-1,-4
2016-04-27 11:00:00,"long",0.77598,"target","2016-04-27T20:00:00",0.77857,52,200,1,-3
2016-04-28 01:00:00,"long",0.77903,"stopped","2016-04-28T03:00:00",0.77871,-6,194,-1,-4
2016-04-28 16:00:00,"long",0.77854,"stopped","2016-04-28T17:00:00",0.77777,-15,179,-1,-5
2016-04-29 12:00:00,"long",0.78008,"stopped","2016-04-29T14:00:00",0.7793,-16,163,-1,-6
2016-05-03 09:00:00,"long",0.78487,"target","2016-05-03T11:00:00",0.7868,39,202,1,-5
2016-05-11 01:00:00,"short",0.78713,"target","2016-05-11T02:00:00",0.78694,4,206,1,-4
2016-05-11 12:00:00,"long",0.78979,"target","2016-05-11T17:00:00",0.79103,25,231,1,-3
2016-05-16 16:00:00,"long",0.78786,"stopped","2016-05-16T17:00:00",0.78716,-14,217,-1,-4
2016-05-19 00:00:00,"short",0.76846,"stopped","2016-05-19T01:00:00",0.76877,-6,211,-1,-5
2016-05-20 10:00:00,"long",0.76969,"target","2016-05-20T16:00:00",0.77134,33,244,1,-4
2016-05-27 03:00:00,"long",0.7627,"target","2016-05-27T09:00:00",0.76376,21,265,1,-3
2016-05-27 12:00:00,"long",0.76237,"stopped","2016-05-27T17:00:00",0.76037,-40,225,-1,-4
2016-05-31 12:00:00,"long",0.76292,"stopped","2016-05-31T15:00:00",0.76168,-25,200,-1,-5
2016-06-02 11:00:00,"long",0.77625,"stopped","2016-06-02T14:00:00",0.77508,-24,176,-1,-6
2016-06-13 06:00:00,"long",0.79254,"target","2016-06-13T07:00:00",0.79331,15,191,1,-5
2016-06-16 21:00:00,"short",0.7911,"target","2016-06-17T02:00:00",0.7888,46,237,1,-4
2016-06-23 02:00:00,"short",0.76593,"target","2016-06-23T04:00:00",0.76467,25,262,1,-3
2016-06-29 23:00:00,"short",0.82855,"target","2016-06-30T10:00:00",0.82517,68,330,1,-2
2016-07-07 14:00:00,"short",0.85118,"stopped","2016-07-07T16:00:00",0.85334,-43,287,-1,-3
2016-07-11 18:00:00,"short",0.85066,"stopped","2016-07-11T20:00:00",0.85292,-45,242,-1,-4
2016-07-19 06:00:00,"long",0.83739,"target","2016-07-19T07:00:00",0.83835,19,261,1,-3
2016-07-20 13:00:00,"short",0.83609,"target","2016-07-20T22:00:00",0.83386,44,305,1,-2
2016-07-22 11:00:00,"short",0.83671,"stopped","2016-07-28T12:00:00",0.84353,-136,169,-1,-3
2016-08-02 11:00:00,"long",0.84639,"stopped","2016-08-02T15:00:00",0.84361,-56,113,-1,-4
2016-08-04 13:00:00,"short",0.83911,"stopped","2016-08-04T14:00:00",0.8439,-96,17,-1,-5
2015-08-07 15:00:00,"long",0.7018,"target","2015-08-07T17:00:00",0.70653,95,112,1,-4
2015-08-12 09:00:00,"long",0.71112,"target","2015-08-12T10:00:00",0.71222,22,134,1,-3
2015-08-14 14:00:00,"long",0.71449,"stopped","2015-08-14T16:00:00",0.7132,-26,108,-1,-4
2015-08-17 17:00:00,"short",0.71009,"stopped","2015-08-17T22:00:00",0.71115,-21,87,-1,-5
2015-08-28 12:00:00,"long",0.73256,"stopped","2015-08-28T18:00:00",0.72978,-56,31,-1,-6
2015-09-03 06:00:00,"short",0.73373,"stopped","2015-09-03T08:00:00",0.73461,-17,14,-1,-7
2015-09-09 16:00:00,"short",0.72456,"stopped","2015-09-09T17:00:00",0.72517,-12,2,-1,-8
2015-09-10 20:00:00,"long",0.72954,"target","2015-09-11T01:00:00",0.73105,30,32,1,-7
2015-09-14 01:00:00,"long",0.7346,"stopped","2015-09-14T10:00:00",0.7336,-20,12,-1,-8
2015-09-14 10:00:00,"long",0.73316,"stopped","2015-09-16T11:00:00",0.73052,-53,-41,-1,-9
2015-09-22 00:00:00,"short",0.72155,"target","2015-09-22T01:00:00",0.7212,7,-34,1,-8
2015-09-22 03:00:00,"short",0.72164,"target","2015-09-22T08:00:00",0.721,13,-21,1,-7
2015-09-23 10:00:00,"long",0.72508,"target","2015-09-23T13:00:00",0.72852,69,48,1,-6
2015-09-24 11:00:00,"long",0.7338,"target","2015-09-24T12:00:00",0.73483,21,69,1,-5
2015-09-24 12:00:00,"long",0.7337,"target","2015-09-24T13:00:00",0.73501,26,95,1,-4
2015-09-29 00:00:00,"long",0.7409,"stopped","2015-09-29T01:00:00",0.74061,-6,89,-1,-5
2015-09-30 21:00:00,"short",0.73855,"target","2015-10-01T04:00:00",0.73773,17,106,1,-4
2015-10-01 11:00:00,"short",0.73685,"stopped","2015-10-01T17:00:00",0.7382,-27,79,-1,-5
2015-10-02 15:00:00,"short",0.74128,"target","2015-10-07T10:00:00",0.73495,127,206,1,-4
2015-10-23 00:00:00,"short",0.72164,"target","2015-10-23T02:00:00",0.72013,30,236,1,-3
2015-10-23 08:00:00,"short",0.72168,"stopped","2015-10-23T10:00:00",0.72235,-13,223,-1,-4
2015-10-30 16:00:00,"long",0.71814,"stopped","2015-10-30T17:00:00",0.71644,-34,189,-1,-5
2015-11-06 08:00:00,"long",0.71551,"target","2015-11-06T10:00:00",0.71623,14,203,1,-4
2015-11-09 18:00:00,"short",0.712,"target","2015-11-10T08:00:00",0.71071,26,229,1,-3
2015-11-17 06:00:00,"short",0.70239,"stopped","2015-11-17T07:00:00",0.70285,-9,220,-1,-4
2015-11-18 21:00:00,"short",0.6991,"stopped","2015-11-19T01:00:00",0.7001,-20,200,-1,-5
2015-11-19 18:00:00,"long",0.70119,"stopped","2015-11-20T09:00:00",0.6998,-28,172,-1,-6
2015-11-24 02:00:00,"long",0.70316,"stopped","2015-11-24T04:00:00",0.70285,-6,166,-1,-7
2015-11-25 21:00:00,"short",0.70171,"stopped","2015-11-26T00:00:00",0.70232,-12,154,-1,-8
2015-11-27 11:00:00,"long",0.70391,"stopped","2015-11-27T13:00:00",0.70315,-15,139,-1,-9
2015-11-27 13:00:00,"long",0.70324,"target","2015-11-27T19:00:00",0.70496,34,173,1,-8
2015-11-30 14:00:00,"long",0.70457,"stopped","2015-11-30T15:00:00",0.70407,-10,163,-1,-9
2015-11-30 21:00:00,"short",0.70211,"target","2015-12-01T02:00:00",0.70134,15,178,1,-8
2015-12-01 03:00:00,"short",0.70148,"stopped","2015-12-01T04:00:00",0.7019,-8,170,-1,-9
2015-12-02 10:00:00,"long",0.70469,"target","2015-12-02T11:00:00",0.70585,23,193,1,-8
2015-12-14 09:00:00,"short",0.72216,"stopped","2015-12-14T13:00:00",0.72375,-32,161,-1,-9
2015-12-17 09:00:00,"short",0.72653,"stopped","2015-12-17T10:00:00",0.72776,-25,136,-1,-10
2015-12-21 13:00:00,"long",0.72934,"target","2015-12-21T15:00:00",0.73033,20,156,1,-9
2015-12-22 12:00:00,"long",0.73438,"stopped","2015-12-22T13:00:00",0.73423,-3,153,-1,-10
2015-12-23 16:00:00,"short",0.73307,"target","2015-12-23T17:00:00",0.73188,24,177,1,-9
2015-12-28 14:00:00,"long",0.73608,"target","2015-12-28T18:00:00",0.73781,35,212,1,-8
2015-12-29 17:00:00,"long",0.73709,"stopped","2015-12-30T18:00:00",0.73513,-39,173,-1,-9
2016-01-14 00:00:00,"long",0.7547,"target","2016-01-14T01:00:00",0.75524,11,184,1,-8
2016-01-19 10:00:00,"short",0.76099,"target","2016-01-19T11:00:00",0.75945,31,215,1,-7
2016-01-20 13:00:00,"long",0.77053,"stopped","2016-01-20T15:00:00",0.76892,-32,183,-1,-8
2016-01-20 15:00:00,"long",0.77007,"stopped","2016-01-20T16:00:00",0.76881,-25,158,-1,-9
2016-01-27 22:00:00,"long",0.76464,"stopped","2016-01-28T09:00:00",0.76275,-38,120,-1,-10
2016-02-10 15:00:00,"short",0.77398,"stopped","2016-02-10T16:00:00",0.7751,-22,98,-1,-11
2016-02-12 15:00:00,"short",0.77646,"stopped","2016-02-12T16:00:00",0.7783,-37,61,-1,-12
2016-02-25 08:00:00,"long",0.79121,"target","2016-02-25T09:00:00",0.79261,28,89,1,-11
2016-02-25 13:00:00,"long",0.79073,"stopped","2016-02-25T14:00:00",0.78897,-35,54,-1,-12
2016-03-08 11:00:00,"long",0.77365,"target","2016-03-08T13:00:00",0.77521,31,85,1,-11
2016-03-08 13:00:00,"long",0.77468,"target","2016-03-08T14:00:00",0.7757,20,105,1,-10
2016-03-14 13:00:00,"short",0.77432,"stopped","2016-03-14T15:00:00",0.7751,-16,89,-1,-11
2016-03-14 15:00:00,"short",0.77576,"stopped","2016-03-15T01:00:00",0.77788,-43,46,-1,-12
2016-03-16 12:00:00,"long",0.78557,"target","2016-03-16T14:00:00",0.78724,33,79,1,-11
2016-03-17 07:00:00,"long",0.78795,"target","2016-03-17T08:00:00",0.78869,15,94,1,-10
2016-03-29 12:00:00,"short",0.78527,"target","2016-03-29T14:00:00",0.78363,33,127,1,-9
2016-03-31 00:00:00,"long",0.78817,"target","2016-03-31T03:00:00",0.78882,13,140,1,-8
2016-03-31 03:00:00,"long",0.78853,"stopped","2016-03-31T04:00:00",0.78827,-5,135,-1,-9
2016-04-21 15:00:00,"short",0.7884,"target","2016-04-22T11:00:00",0.78535,61,196,1,-8
2016-04-25 09:00:00,"short",0.779,"stopped","2016-04-25T10:00:00",0.78056,-31,165,-1,-9
2016-04-27 11:00:00,"long",0.77598,"target","2016-04-27T20:00:00",0.77857,52,217,1,-8
2016-04-28 01:00:00,"long",0.77903,"stopped","2016-04-28T03:00:00",0.77871,-6,211,-1,-9
2016-04-28 16:00:00,"long",0.77854,"stopped","2016-04-28T17:00:00",0.77777,-15,196,-1,-10
2016-04-29 12:00:00,"long",0.78008,"stopped","2016-04-29T14:00:00",0.7793,-16,180,-1,-11
2016-05-03 09:00:00,"long",0.78487,"target","2016-05-03T11:00:00",0.7868,39,219,1,-10
2016-05-11 01:00:00,"short",0.78713,"target","2016-05-11T02:00:00",0.78694,4,223,1,-9
2016-05-11 12:00:00,"long",0.78979,"target","2016-05-11T17:00:00",0.79103,25,248,1,-8
2016-05-16 16:00:00,"long",0.78786,"stopped","2016-05-16T17:00:00",0.78716,-14,234,-1,-9
2016-05-19 00:00:00,"short",0.76846,"stopped","2016-05-19T01:00:00",0.76877,-6,228,-1,-10
2016-05-20 10:00:00,"long",0.76969,"target","2016-05-20T16:00:00",0.77134,33,261,1,-9
2016-05-27 03:00:00,"long",0.7627,"target","2016-05-27T09:00:00",0.76376,21,282,1,-8
2016-05-27 12:00:00,"long",0.76237,"stopped","2016-05-27T17:00:00",0.76037,-40,242,-1,-9
2016-05-31 12:00:00,"long",0.76292,"stopped","2016-05-31T15:00:00",0.76168,-25,217,-1,-10
2016-06-02 11:00:00,"long",0.77625,"stopped","2016-06-02T14:00:00",0.77508,-24,193,-1,-11
2016-06-13 06:00:00,"long",0.79254,"target","2016-06-13T07:00:00",0.79331,15,208,1,-10
2016-06-16 21:00:00,"short",0.7911,"target","2016-06-17T02:00:00",0.7888,46,254,1,-9
2016-06-23 02:00:00,"short",0.76593,"target","2016-06-23T04:00:00",0.76467,25,279,1,-8
2016-06-29 23:00:00,"short",0.82855,"target","2016-06-30T10:00:00",0.82517,68,347,1,-7
2016-07-07 14:00:00,"short",0.85118,"stopped","2016-07-07T16:00:00",0.85334,-43,304,-1,-8
2016-07-11 18:00:00,"short",0.85066,"stopped","2016-07-11T20:00:00",0.85292,-45,259,-1,-9
2016-07-19 06:00:00,"long",0.83739,"target","2016-07-19T07:00:00",0.83835,19,278,1,-8
2016-07-20 13:00:00,"short",0.83609,"target","2016-07-20T22:00:00",0.83386,44,322,1,-7
2016-07-22 11:00:00,"short",0.83671,"stopped","2016-07-28T12:00:00",0.84353,-136,186,-1,-8
2016-08-02 11:00:00,"long",0.84639,"stopped","2016-08-02T15:00:00",0.84361,-56,130,-1,-9
2016-08-04 13:00:00,"short",0.83911,"stopped","2016-08-04T14:00:00",0.8439,-96,34,-1,-10
