"date.time","direction","entry","target_or_stop","exit_date","exit","ticks","cumulative_profit","winLose","cum.winLose"
2015-08-06 09:00:00,"long",1.09107,"stopped","2015-08-06T15:00:00",1.08781,-65,-65,-1,-1
2015-08-07 15:00:00,"long",1.08595,"target","2015-08-07T19:00:00",1.09756,232,167,1,0
2015-08-10 10:00:00,"long",1.09595,"stopped","2015-08-10T13:00:00",1.09388,-42,125,-1,-1
2015-08-12 09:00:00,"long",1.10746,"target","2015-08-12T10:00:00",1.10957,42,167,1,0
2015-09-01 16:00:00,"long",1.12558,"stopped","2015-09-01T17:00:00",1.1236,-40,127,-1,-1
2015-09-01 17:00:00,"long",1.12563,"target","2015-09-01T20:00:00",1.12824,52,179,1,0
2015-09-09 09:00:00,"short",1.11566,"stopped","2015-09-09T10:00:00",1.11672,-21,158,-1,-1
2015-09-10 06:00:00,"long",1.12083,"stopped","2015-09-10T07:00:00",1.11995,-17,141,-1,-2
2015-09-10 08:00:00,"long",1.12009,"target","2015-09-10T09:00:00",1.12217,42,183,1,-1
2015-09-11 02:00:00,"long",1.12829,"target","2015-09-11T09:00:00",1.13031,40,223,1,0
2015-09-11 09:00:00,"long",1.12846,"target","2015-09-11T10:00:00",1.13058,42,265,1,1
2015-09-11 17:00:00,"long",1.12794,"target","2015-09-11T18:00:00",1.13006,43,308,1,2
2015-09-17 17:00:00,"long",1.13073,"target","2015-09-17T20:00:00",1.13298,45,353,1,3
2015-09-23 09:00:00,"short",1.11373,"target","2015-09-23T11:00:00",1.111,55,408,1,4
2015-09-24 11:00:00,"long",1.11989,"target","2015-09-24T13:00:00",1.12244,51,459,1,5
2015-09-25 01:00:00,"short",1.11769,"target","2015-09-25T09:00:00",1.11592,35,494,1,6
2015-09-25 18:00:00,"short",1.1191,"target","2015-09-28T15:00:00",1.11609,60,554,1,7
2015-10-06 06:00:00,"short",1.1184,"stopped","2015-10-06T10:00:00",1.11961,-24,530,-1,6
2015-10-15 09:00:00,"long",1.14804,"stopped","2015-10-15T10:00:00",1.14664,-28,502,-1,5
2015-10-15 21:00:00,"short",1.13866,"target","2015-10-16T02:00:00",1.13719,29,531,1,6
2015-10-27 09:00:00,"long",1.10554,"stopped","2015-10-27T11:00:00",1.10395,-32,499,-1,5
2015-10-27 14:00:00,"long",1.105,"target","2015-10-28T14:00:00",1.10798,60,559,1,6
2015-10-28 17:00:00,"long",1.10638,"stopped","2015-10-28T20:00:00",1.10327,-62,497,-1,5
2015-10-30 05:00:00,"long",1.0969,"target","2015-10-30T08:00:00",1.0996,54,551,1,6
2015-11-18 21:00:00,"short",1.06465,"stopped","2015-11-19T02:00:00",1.06769,-61,490,-1,5
2015-11-19 11:00:00,"long",1.06861,"target","2015-11-19T12:00:00",1.07009,30,520,1,6
2015-11-24 13:00:00,"long",1.06443,"target","2015-11-24T15:00:00",1.06584,28,548,1,7
2015-11-24 19:00:00,"long",1.0647,"target","2015-11-25T04:00:00",1.06662,38,586,1,8
2015-11-30 11:00:00,"short",1.05808,"target","2015-11-30T17:00:00",1.0562,38,624,1,9
2015-12-02 19:00:00,"short",1.05851,"stopped","2015-12-02T21:00:00",1.06204,-71,553,-1,8
2015-12-08 17:00:00,"long",1.08714,"target","2015-12-08T20:00:00",1.09014,60,613,1,9
2015-12-14 18:00:00,"long",1.10244,"stopped","2015-12-14T21:00:00",1.1001,-47,566,-1,8
2015-12-16 21:00:00,"short",1.09783,"target","2015-12-17T01:00:00",1.08869,183,749,1,9
2015-12-21 09:00:00,"long",1.0871,"stopped","2015-12-21T10:00:00",1.08597,-23,726,-1,8
2015-12-24 19:00:00,"long",1.09528,"target","2015-12-28T00:00:00",1.0963,21,747,1,9
2016-01-12 03:00:00,"short",1.08549,"stopped","2016-01-12T04:00:00",1.08696,-30,717,-1,8
2016-01-12 13:00:00,"short",1.08553,"target","2016-01-12T14:00:00",1.08422,26,743,1,9
2016-01-13 04:00:00,"short",1.08293,"target","2016-01-13T10:00:00",1.08103,38,781,1,10
2016-01-14 03:00:00,"long",1.0881,"target","2016-01-14T06:00:00",1.08968,32,813,1,11
2016-01-19 12:00:00,"short",1.0873,"target","2016-01-19T13:00:00",1.08652,16,829,1,12
2016-01-19 20:00:00,"long",1.09248,"target","2016-01-19T21:00:00",1.09349,20,849,1,13
2016-01-19 21:00:00,"long",1.09242,"stopped","2016-01-19T22:00:00",1.09103,-28,821,-1,12
2016-01-21 22:00:00,"short",1.08883,"target","2016-01-21T23:00:00",1.08739,29,850,1,13
2016-01-27 12:00:00,"long",1.08696,"target","2016-01-27T14:00:00",1.08803,21,871,1,14
2016-01-28 14:00:00,"long",1.09045,"target","2016-01-28T15:00:00",1.09215,34,905,1,15
2016-02-05 15:00:00,"long",1.11598,"target","2016-02-09T15:00:00",1.12482,177,1082,1,16
2016-02-11 03:00:00,"long",1.12999,"stopped","2016-02-11T05:00:00",1.12808,-38,1044,-1,15
2016-02-15 06:00:00,"short",1.12221,"target","2016-02-15T09:00:00",1.12117,21,1065,1,16
2016-02-16 20:00:00,"short",1.11403,"target","2016-02-17T02:00:00",1.11234,34,1099,1,17
2016-02-17 12:00:00,"short",1.11324,"stopped","2016-02-17T13:00:00",1.1142,-19,1080,-1,16
2016-02-19 15:00:00,"short",1.11025,"target","2016-02-22T12:00:00",1.10657,74,1154,1,17
2016-02-24 16:00:00,"short",1.101,"stopped","2016-02-25T21:00:00",1.10466,-73,1081,-1,16
2016-03-01 13:00:00,"short",1.08752,"target","2016-03-01T16:00:00",1.08549,41,1122,1,17
2016-03-08 14:00:00,"long",1.1014,"target","2016-03-08T15:00:00",1.10277,27,1149,1,18
2016-03-14 20:00:00,"short",1.10936,"stopped","2016-03-15T04:00:00",1.11103,-33,1116,-1,17
2016-03-21 17:00:00,"short",1.12597,"target","2016-03-21T18:00:00",1.12461,27,1143,1,18
2016-03-22 02:00:00,"short",1.12368,"stopped","2016-03-22T03:00:00",1.12449,-16,1127,-1,17
2016-03-23 12:00:00,"short",1.1195,"target","2016-03-23T14:00:00",1.11798,30,1157,1,18
2016-03-24 10:00:00,"short",1.11657,"stopped","2016-03-24T12:00:00",1.11833,-35,1122,-1,17
2016-03-28 03:00:00,"short",1.11583,"stopped","2016-03-28T06:00:00",1.11647,-13,1109,-1,16
2016-03-29 16:00:00,"long",1.12035,"stopped","2016-03-29T18:00:00",1.11825,-42,1067,-1,15
2016-04-05 17:00:00,"short",1.13763,"target","2016-04-06T14:00:00",1.13349,83,1150,1,16
2016-04-13 10:00:00,"short",1.13533,"target","2016-04-13T11:00:00",1.13397,27,1177,1,17
2016-04-15 15:00:00,"long",1.12746,"target","2016-04-15T17:00:00",1.12986,48,1225,1,18
2016-04-18 15:00:00,"long",1.13073,"target","2016-04-18T17:00:00",1.13207,27,1252,1,19
2016-04-20 15:00:00,"long",1.13659,"stopped","2016-04-20T16:00:00",1.13443,-43,1209,-1,18
2016-04-21 08:00:00,"short",1.1297,"stopped","2016-04-21T10:00:00",1.13055,-17,1192,-1,17
2016-04-21 11:00:00,"short",1.12933,"stopped","2016-04-21T12:00:00",1.13045,-23,1169,-1,16
2016-04-21 21:00:00,"short",1.12944,"target","2016-04-21T23:00:00",1.12856,18,1187,1,17
2016-04-22 12:00:00,"short",1.12793,"target","2016-04-22T13:00:00",1.12676,24,1211,1,18
2016-04-28 13:00:00,"long",1.13474,"stopped","2016-04-28T16:00:00",1.13305,-34,1177,-1,17
2016-05-03 20:00:00,"long",1.15242,"stopped","2016-05-03T21:00:00",1.15107,-27,1150,-1,16
2016-05-09 11:00:00,"short",1.13938,"stopped","2016-05-09T12:00:00",1.14039,-20,1130,-1,15
2016-05-09 17:00:00,"short",1.13954,"target","2016-05-09T20:00:00",1.13821,27,1157,1,16
2016-05-20 16:00:00,"long",1.12223,"stopped","2016-05-20T17:00:00",1.1208,-29,1128,-1,15
2016-05-23 10:00:00,"long",1.12217,"stopped","2016-05-23T11:00:00",1.12048,-34,1094,-1,14
2016-06-01 06:00:00,"short",1.11236,"stopped","2016-06-01T09:00:00",1.1134,-21,1073,-1,13
2016-06-02 04:00:00,"long",1.11924,"target","2016-06-02T05:00:00",1.11996,14,1087,1,14
2016-06-13 01:00:00,"short",1.12497,"target","2016-06-13T02:00:00",1.1244,11,1098,1,15
2016-06-13 16:00:00,"short",1.12693,"stopped","2016-06-13T17:00:00",1.13018,-65,1033,-1,14
2016-06-15 21:00:00,"long",1.12651,"stopped","2016-06-16T13:00:00",1.12321,-66,967,-1,13
2016-06-17 17:00:00,"long",1.12454,"target","2016-06-20T00:00:00",1.12974,104,1071,1,14
2016-06-22 00:00:00,"short",1.12497,"target","2016-06-22T03:00:00",1.124,19,1090,1,15
2016-06-23 04:00:00,"long",1.13283,"target","2016-06-23T06:00:00",1.13428,29,1119,1,16
2016-06-28 23:00:00,"long",1.10652,"target","2016-06-29T10:00:00",1.10917,53,1172,1,17
2016-07-01 19:00:00,"long",1.11355,"stopped","2016-07-04T11:00:00",1.11166,-38,1134,-1,16
2016-07-05 16:00:00,"long",1.11483,"stopped","2016-07-05T17:00:00",1.11301,-36,1098,-1,15
2016-07-06 02:00:00,"short",1.10637,"target","2016-07-06T03:00:00",1.10574,13,1111,1,16
2016-07-06 17:00:00,"short",1.10704,"target","2016-07-08T15:00:00",1.10281,85,1196,1,17
2016-07-14 08:00:00,"long",1.11039,"target","2016-07-14T09:00:00",1.1123,38,1234,1,18
2016-07-14 17:00:00,"long",1.11044,"target","2016-07-14T20:00:00",1.11257,42,1276,1,19
2016-07-20 19:00:00,"short",1.1006,"stopped","2016-07-20T22:00:00",1.10139,-16,1260,-1,18
2016-07-21 13:00:00,"long",1.10154,"target","2016-07-21T15:00:00",1.10331,35,1295,1,19
2016-07-25 04:00:00,"short",1.09603,"stopped","2016-07-25T05:00:00",1.09695,-18,1277,-1,18
2016-07-27 21:00:00,"short",1.10194,"stopped","2016-07-28T09:00:00",1.10785,-118,1159,-1,17
